8
1
1
2
2
64
8
1
1
2
2
48
8
1
1
2
2
85
8
1
1
2
2
52
8
1
1
2
2
4
8
1
1
2
2
3
8
1
1
2
2
99
8
1
1
2
2
50
8
1
1
2
2
41
8
1
1
2
2
35
8
1
1
2
2
52
8
1
1
2
2
10
8
1
1
2
2
54
8
1
1
2
2
85
8
1
1
2
2
98
8
1
1
2
2
26
8
1
1
2
2
79
8
1
1
2
2
43
8
1
1
2
2
13
8
1
1
2
2
37
8
1
1
2
2
74
8
1
1
2
2
43
8
1
1
2
2
39
8
1
1
2
2
64
8
1
1
2
2
17
8
1
1
2
2
98
8
1
1
2
2
30
8
1
1
2
2
64
8
1
1
2
2
65
8
1
1
2
2
25
8
1
1
2
2
18
8
1
1
2
2
45
8
1
1
2
2
86
8
1
1
2
2
37
8
1
1
2
2
98
8
1
1
2
2
87
8
1
1
2
2
25
8
1
1
2
2
94
8
1
1
2
2
22
8
1
1
2
2
95
8
1
1
2
2
22
8
1
1
2
2
6
8
1
1
2
2
50
8
1
1
2
2
7
8
1
1
2
2
59
8
1
1
2
2
24
8
1
1
2
2
29
8
1
1
2
2
14
8
1
1
2
2
1
8
1
1
2
2
56
8
1
1
2
2
46
8
1
1
2
2
76
8
1
1
2
2
6
8
1
1
2
2
19
8
1
1
2
2
82
8
1
1
2
2
47
8
1
1
2
2
3
8
1
1
2
2
62
8
1
1
2
2
26
8
1
1
2
2
8
8
1
1
2
2
76
8
1
1
2
2
44
8
1
1
2
2
27
8
1
1
2
2
54
8
1
1
2
2
28
8
1
1
2
2
11
8
1
1
2
2
59
8
1
1
2
2
75
8
1
1
2
2
54
8
1
1
2
2
65
8
1
1
2
2
80
8
1
1
2
2
56
8
1
1
2
2
87
8
1
1
2
2
4
8
1
1
2
2
53
8
1
1
2
2
28
8
1
1
2
2
80
8
1
1
2
2
16
8
1
1
2
2
91
8
1
1
2
2
11
8
1
1
2
2
19
8
1
1
2
2
60
8
1
1
2
2
24
8
1
1
2
2
55
8
1
1
2
2
75
8
1
1
2
2
95
8
1
1
2
2
55
8
1
1
2
2
66
8
1
1
2
2
23
8
1
1
2
2
19
8
1
1
2
2
90
8
1
1
2
2
21
8
1
1
2
2
79
8
1
1
2
2
28
8
1
1
2
2
70
8
1
1
2
2
6
8
1
1
2
2
64
8
1
1
2
2
63
8
1
1
2
2
49
8
1
1
2
2
46
